0 0.282413
1 0.209397
2 0.161776
3 0.163140
4 0.197494
5 0.202486
6 0.182209
7 0.236169
8 0.282851
9 0.293964
10 0.266430
11 0.261795
12 0.248977
13 0.246787
14 0.253618
15 0.281543
16 0.373783
17 0.330467
18 0.341362
19 0.373129
20 0.370425
21 0.369126
22 0.376893
23 0.374290
24 0.409222
25 0.434868
26 0.418208
27 0.429038
28 0.457618
29 0.481429
30 0.553603
31 0.465257
32 0.456946
33 0.465556
34 0.456255
35 0.459871
36 0.518618
37 0.562765
38 0.506193
39 0.536749
40 0.514777
41 0.523897
42 0.525344
43 0.525901
44 0.532818
45 0.551378
46 0.560868
47 0.551420
48 0.546407
49 0.520403
