0 0.238888
1 0.162163
2 0.264758
3 0.302315
4 0.370861
5 0.351954
6 0.322535
7 0.307636
8 0.360087
9 0.346563
10 0.373872
11 0.368853
12 0.368559
13 0.345105
14 0.337581
15 0.364466
16 0.359440
17 0.351384
18 0.365317
19 0.443484
20 0.506753
21 0.465206
22 0.493448
23 0.477756
24 0.473904
25 0.476411
26 0.473232
27 0.468259
28 0.481541
29 0.469990
30 0.469617
31 0.469831
32 0.473420
33 0.504425
34 0.511792
35 0.477611
36 0.511801
37 0.471569
38 0.455213
39 0.467623
40 0.485776
41 0.438491
42 0.443562
43 0.455116
44 0.443820
45 0.442009
46 0.441914
47 0.474452
48 0.458561
49 0.422333
