0 0.081310
1 0.074702
2 0.073813
3 0.072138
4 0.068269
5 0.068686
6 0.068031
7 0.068594
8 0.068802
9 0.069497
10 0.069960
11 0.070692
12 0.075538
13 0.076329
14 0.083913
15 0.088867
16 0.097561
17 0.107023
18 0.118567
19 0.128891
20 0.152097
21 0.144836
22 0.148250
23 0.151693
24 0.151912
25 0.197315
26 0.181299
27 0.184741
28 0.198227
29 0.195520
30 0.206780
31 0.193090
32 0.196484
33 0.197011
34 0.197788
35 0.197724
36 0.198406
37 0.198465
38 0.199104
39 0.195550
40 0.189102
41 0.189575
42 0.190189
43 0.190935
44 0.191182
45 0.191496
46 0.191352
47 0.186144
48 0.186405
49 0.186914
