0 0.026409
1 0.021422
2 0.021298
3 0.021237
4 0.021193
5 0.021265
6 0.021208
7 0.021149
8 0.021252
9 0.021170
10 0.021202
11 0.021168
12 0.021370
13 0.021181
14 0.021092
15 0.021125
16 0.021112
17 0.021136
18 0.021125
19 0.021115
20 0.021093
21 0.021241
22 0.021261
23 0.021282
24 0.021286
25 0.021214
26 0.021178
27 0.021222
28 0.021159
29 0.021183
30 0.021237
31 0.021215
32 0.021203
33 0.021208
34 0.021230
35 0.021186
36 0.021190
37 0.021219
38 0.021229
39 0.021156
40 0.021160
41 0.021202
42 0.021145
43 0.021178
44 0.021138
45 0.021180
46 0.021131
47 0.021173
48 0.021181
49 0.021143
