0 0.169220
1 0.081705
2 0.076521
3 0.090778
4 0.110576
5 0.127359
6 0.135110
7 0.125738
8 0.156245
9 0.206489
10 0.180468
11 0.236439
12 0.230328
13 0.220449
14 0.224762
15 0.255314
16 0.245232
17 0.256914
18 0.231471
19 0.243633
20 0.243851
21 0.244829
22 0.275493
23 0.251927
24 0.250716
25 0.258315
26 0.255462
27 0.260502
28 0.272342
29 0.285269
30 0.277099
31 0.278597
32 0.276424
33 0.283022
34 0.282256
35 0.284700
36 0.280379
37 0.273361
38 0.286746
39 0.285256
40 0.298949
41 0.289777
42 0.279777
43 0.262656
44 0.280056
45 0.280193
46 0.267540
47 0.271580
48 0.276896
49 0.266305
