0 0.079160
1 0.040628
2 0.041081
3 0.041732
4 0.042470
5 0.043035
6 0.043744
7 0.044853
8 0.065390
9 0.086694
10 0.097121
11 0.115940
12 0.118954
13 0.136114
14 0.147030
15 0.167822
16 0.189666
17 0.206906
18 0.212460
19 0.226413
20 0.238144
21 0.246744
22 0.270375
23 0.276773
24 0.292226
25 0.297992
26 0.323700
27 0.349989
28 0.376283
29 0.411780
30 0.431238
31 0.463678
32 0.485039
33 0.518567
34 0.541317
35 0.568107
36 0.581649
37 0.595487
38 0.610297
39 0.640169
40 0.659725
41 0.676048
42 0.691749
43 0.713751
44 0.743395
45 0.767235
46 0.778260
47 0.790574
48 0.818242
49 0.829173
