0 0.156907
1 0.056897
2 0.052557
3 0.056552
4 0.058249
5 0.058276
6 0.068194
7 0.072158
8 0.078924
9 0.092184
10 0.102390
11 0.098619
12 0.101532
13 0.102918
14 0.101620
15 0.101547
16 0.101532
17 0.101522
18 0.101489
19 0.103532
20 0.106380
21 0.111172
22 0.114263
23 0.116707
24 0.118951
25 0.130498
26 0.137350
27 0.129594
28 0.158211
29 0.134456
30 0.132819
31 0.135899
32 0.136088
33 0.150022
34 0.137501
35 0.137684
36 0.148938
37 0.139607
38 0.148762
39 0.142259
40 0.140735
41 0.140895
42 0.141380
43 0.146417
44 0.152611
45 0.151285
46 0.165629
47 0.156624
48 0.172394
49 0.177068
50 0.173679
51 0.184633
52 0.179074
53 0.182059
54 0.192741
55 0.180088
56 0.184860
57 0.193752
58 0.179503
59 0.179496
60 0.179544
61 0.179512
62 0.179499
63 0.179564
64 0.179589
65 0.179594
66 0.179528
67 0.179609
68 0.179638
69 0.179584
70 0.179702
71 0.179699
72 0.179603
73 0.179714
74 0.179703
75 0.181603
76 0.179832
77 0.179842
78 0.179764
79 0.179854
80 0.179744
81 0.179776
82 0.179745
83 0.179734
84 0.179683
85 0.181190
86 0.179746
87 0.179682
88 0.179798
89 0.179730
90 0.179719
91 0.179691
92 0.179753
93 0.179765
94 0.179810
95 0.179709
96 0.179671
97 0.181244
98 0.179867
99 0.179701
100 0.179684
101 0.179714
102 0.179663
103 0.179667
104 0.179641
105 0.179710
106 0.179720
107 0.179730
108 0.179681
109 0.179636
110 0.179578
111 0.179860
112 0.179686
113 0.181531
114 0.180278
115 0.180242
116 0.179642
117 0.179586
118 0.179600
119 0.179566
120 0.179587
121 0.179598
122 0.179608
123 0.179581
124 0.179505
125 0.179529
126 0.179463
127 0.179438
128 0.179365
129 0.179210
130 0.179322
131 0.179218
132 0.179271
133 0.178852
134 0.178762
135 0.177167
136 0.177058
137 0.176963
138 0.177002
139 0.176991
140 0.177025
141 0.177031
142 0.177105
143 0.176880
144 0.175357
145 0.175351
146 0.175343
147 0.175274
148 0.175296
149 0.175896
