0 0.209886
1 0.109772
2 0.012642
3 0.013820
4 0.013850
5 0.013884
6 0.013969
7 0.014039
8 0.014080
9 0.014220
10 0.014337
11 0.014376
12 0.014119
13 0.014274
14 0.014267
15 0.013949
16 0.014130
17 0.014772
18 0.015660
19 0.015791
20 0.015776
21 0.015820
22 0.016128
23 0.015878
24 0.015922
25 0.016728
26 0.015977
27 0.016126
28 0.015905
29 0.015834
30 0.015895
31 0.015846
32 0.015905
33 0.017636
34 0.016874
35 0.016836
36 0.017115
37 0.016843
38 0.018872
39 0.018340
40 0.018469
41 0.019411
42 0.018907
43 0.019368
44 0.019583
45 0.019614
46 0.020763
47 0.020096
48 0.020386
49 0.019705
50 0.019406
51 0.022290
52 0.026280
53 0.021578
54 0.022683
55 0.021588
56 0.021603
57 0.021842
58 0.022254
59 0.022586
60 0.023460
61 0.024057
62 0.024162
63 0.024062
64 0.024180
65 0.024118
66 0.024198
67 0.024306
68 0.024205
69 0.024611
70 0.024229
71 0.024244
72 0.024174
73 0.024410
74 0.024350
75 0.024656
76 0.024352
77 0.024257
78 0.025297
79 0.024732
80 0.024192
81 0.024197
82 0.024154
83 0.024149
84 0.024869
85 0.024197
86 0.024250
87 0.025454
88 0.024251
89 0.023020
90 0.025304
91 0.027781
92 0.028380
93 0.028982
94 0.029533
95 0.030837
96 0.030137
97 0.030238
98 0.030779
99 0.030475
100 0.030478
101 0.030830
102 0.031084
103 0.031195
104 0.031945
105 0.032027
106 0.032131
107 0.032334
108 0.032390
109 0.032547
110 0.032752
111 0.034013
112 0.033096
113 0.033222
114 0.033316
115 0.033316
116 0.033566
117 0.033768
118 0.033977
119 0.033977
120 0.033944
121 0.033875
122 0.034570
123 0.034177
124 0.034128
125 0.034179
126 0.034331
127 0.034549
128 0.035092
129 0.035106
130 0.035443
131 0.035661
132 0.035651
133 0.036157
134 0.036312
135 0.036155
136 0.036563
137 0.036616
138 0.036610
139 0.036767
140 0.037562
141 0.037667
142 0.037917
143 0.038071
144 0.038290
145 0.038378
146 0.038426
147 0.038585
148 0.038829
149 0.054371
