0 0.540409
1 0.637693
2 0.655568
3 0.881139
4 0.955481
5 1.118830
6 1.221812
7 1.441407
8 1.607671
9 1.652949
10 1.694158
11 1.769217
12 1.744012
13 1.946327
14 1.995760
15 2.289057
16 2.307714
17 2.281949
18 2.532012
19 2.586613
20 2.650587
21 2.835906
22 2.824069
23 2.832931
24 2.873333
25 2.805467
26 2.909675
27 2.871927
28 2.784398
29 2.875060
30 2.931249
31 2.996247
32 3.020489
33 3.113098
34 3.222195
35 3.177761
36 3.251373
37 3.196738
38 3.245644
39 3.282390
40 3.184883
41 3.193855
42 3.189276
43 3.175593
44 3.269993
45 3.345131
46 3.439994
47 3.512803
48 3.551144
49 3.489779
50 3.577127
51 3.551921
52 3.610399
53 3.769961
54 3.831357
55 3.799824
56 3.881468
57 3.869364
58 3.948345
59 4.013074
60 3.982666
61 4.080691
62 4.063447
63 4.073578
64 4.162098
65 4.292411
66 4.311886
67 4.373162
68 4.448981
69 4.596427
70 4.682009
71 4.778091
72 4.813936
73 4.807350
74 4.951298
75 5.038790
76 5.255285
77 5.264829
78 5.239371
79 5.276533
80 5.286395
81 5.486849
82 5.466152
83 5.500353
84 5.638523
85 5.665630
86 5.684884
87 5.813738
88 5.793808
89 5.691330
90 5.785465
91 5.828652
92 5.769533
93 5.841596
94 5.976231
95 5.931577
96 5.922554
97 6.049205
98 6.253029
99 6.264952
100 6.302809
101 6.308142
102 6.290483
103 6.458019
104 6.605353
105 6.629843
106 6.687095
107 6.742460
108 6.793787
109 6.837637
110 6.857474
111 6.929490
112 6.927170
113 7.058072
114 7.186306
115 7.242953
116 7.257215
117 7.281738
118 7.270971
119 7.323667
120 7.362310
121 7.438569
122 7.465809
123 7.425849
124 7.428560
125 7.452244
126 7.464810
127 7.488316
128 7.411126
129 7.435940
130 7.434894
131 7.415010
132 7.417418
133 7.430371
134 7.418246
135 7.429736
136 7.409195
137 7.398191
138 7.371883
139 7.307340
140 7.313445
141 7.294849
142 7.295067
143 7.294832
144 7.293559
145 7.282419
146 7.279540
147 7.224879
148 7.171588
149 7.113854
