0 0.864184
1 1.128653
2 1.134641
3 1.740946
4 1.637806
5 1.835290
6 2.691855
7 2.869105
8 3.034343
9 3.001919
10 3.155529
11 3.340964
12 3.552037
13 3.740046
14 3.949118
15 3.912647
16 3.994296
17 4.087017
18 4.260622
19 4.304609
20 4.370853
21 4.442903
22 4.302834
23 4.302539
24 4.433591
25 4.735544
26 5.017940
27 5.022773
28 5.343808
29 5.524224
30 5.568616
31 5.702244
32 6.156322
33 6.310407
34 6.511900
35 6.607159
36 6.684995
37 6.736828
38 6.973967
39 7.069340
40 6.953707
41 7.142297
42 7.384249
43 7.482336
44 7.590306
45 7.639168
46 7.831793
47 8.015110
48 7.880240
49 8.153590
50 8.377990
51 8.576622
52 8.753708
53 8.873752
54 8.906231
55 8.983895
56 8.932864
57 9.010138
58 9.189315
59 9.402559
60 9.601938
61 9.746738
62 10.040026
63 10.005534
64 10.385738
65 10.487792
66 10.566835
67 10.581332
68 10.728982
69 11.033011
70 11.135257
71 11.240226
72 11.329637
73 11.560343
74 11.511132
75 11.514717
76 11.535468
77 11.563034
78 11.680968
79 11.939234
80 11.991772
81 12.269541
82 12.658246
83 12.678524
84 12.747819
85 12.921736
86 12.971006
87 13.187687
88 13.279475
89 13.299809
90 13.431006
91 13.553512
92 13.584797
93 13.790283
94 14.060567
95 14.196707
96 14.266609
97 14.380136
98 14.393803
99 14.388996
100 14.726963
101 14.917140
102 15.119709
103 15.125597
104 15.540318
105 15.398467
106 15.410835
107 15.416224
108 15.582875
109 15.739669
110 15.861791
111 15.977532
112 16.298863
113 16.433535
114 16.730887
115 16.696167
116 16.788954
117 16.938554
118 17.054621
119 17.063251
120 17.222312
121 17.257708
122 17.439638
123 17.536577
124 17.585493
125 17.831580
126 18.071528
127 18.212680
128 18.411308
129 18.472490
130 18.922536
131 19.049151
132 19.119973
133 19.183056
134 19.253278
135 19.381851
136 19.761471
137 20.004250
138 20.145346
139 20.256681
140 20.244537
141 20.245888
142 20.432049
143 20.463183
144 20.487842
145 20.578074
146 20.650519
147 20.680166
148 20.663254
149 20.617341
