0 0.272254
1 0.232315
2 0.291977
3 0.280058
4 0.206446
5 0.201126
6 0.199906
7 0.235289
8 0.355629
9 0.283760
10 0.283960
11 0.296942
12 0.300081
13 0.418286
14 0.331641
15 0.317445
16 0.324470
17 0.421685
18 0.338573
19 0.336117
20 0.318684
21 0.355612
22 0.404869
23 0.377198
24 0.373904
25 0.519280
26 0.386808
27 0.354500
28 0.363940
29 0.412209
30 0.511421
31 0.454535
32 0.413282
33 0.415065
34 0.394511
35 0.448800
36 0.418033
37 0.414306
38 0.443611
39 0.389021
40 0.452689
41 0.441170
42 0.433564
43 0.443308
44 0.436358
45 0.419009
46 0.500868
47 0.613447
48 0.553433
49 0.606730
50 0.629705
51 0.570067
52 0.666911
53 0.674720
54 0.755481
55 0.753514
56 0.707311
57 0.701875
58 0.805308
59 0.797451
60 0.807871
61 0.793433
62 0.922454
63 0.853206
64 0.823505
65 0.841691
66 0.846527
67 0.857059
68 0.841457
69 0.894783
70 0.923916
71 0.876727
72 0.866528
73 0.882628
74 1.006891
75 0.965208
76 0.960999
77 1.012449
78 1.020710
79 1.041270
80 0.987455
81 0.987604
82 1.077945
83 1.023451
84 1.006265
85 1.025060
86 0.996813
87 0.969931
88 1.033993
89 1.048130
90 1.045891
91 1.017267
92 1.019718
93 1.062390
94 1.030395
95 1.037206
96 1.009482
97 1.023373
98 0.991958
99 0.992047
100 0.956789
101 1.007781
102 0.997057
103 1.003962
104 1.026303
105 1.031833
106 1.047993
107 1.044720
108 1.124591
109 1.075714
110 1.062191
111 1.058358
112 1.217222
113 1.169238
114 1.181007
115 1.214433
116 1.286238
117 1.255819
118 1.286142
119 1.253109
120 1.299965
121 1.255748
122 1.259178
123 1.291168
124 1.313382
125 1.281683
126 1.303231
127 1.427206
128 1.449029
129 1.473056
130 1.478087
131 1.443635
132 1.456877
133 1.461275
134 1.538462
135 1.519005
136 1.552920
137 1.547537
138 1.529482
139 1.530118
140 1.524230
141 1.520768
142 1.520748
143 1.512300
144 1.502578
145 1.501304
146 1.497548
147 1.485846
148 1.485804
149 1.486606
