0 0.179544
1 0.079720
2 0.079169
3 0.078642
4 0.090950
5 0.091309
6 0.099500
7 0.121019
8 0.153864
9 0.152363
10 0.140511
11 0.147731
12 0.145299
13 0.151383
14 0.144402
15 0.143805
16 0.143737
17 0.144181
18 0.147163
19 0.144416
20 0.145289
21 0.145675
22 0.145875
23 0.146119
24 0.146244
25 0.147494
26 0.147040
27 0.147458
28 0.147584
29 0.148121
30 0.149512
31 0.149392
32 0.152551
33 0.158012
34 0.165312
35 0.168236
36 0.173778
37 0.171818
38 0.170852
39 0.173207
40 0.178708
41 0.172461
42 0.182383
43 0.179532
44 0.177099
45 0.184547
46 0.186315
47 0.182505
48 0.181962
49 0.182852
50 0.186545
51 0.183575
52 0.189036
53 0.205453
54 0.190502
55 0.189856
56 0.195825
57 0.187941
58 0.188357
59 0.210139
60 0.203767
61 0.191692
62 0.204677
63 0.205260
64 0.221241
65 0.216014
66 0.215484
67 0.214982
68 0.214522
69 0.214377
70 0.213817
71 0.213713
72 0.214994
73 0.213786
74 0.213353
75 0.212889
76 0.212631
77 0.216957
78 0.211254
79 0.210973
80 0.210889
81 0.213930
82 0.211850
83 0.212781
84 0.212012
85 0.215640
86 0.213396
87 0.212456
88 0.215079
89 0.214094
90 0.212799
91 0.217263
92 0.212692
93 0.215540
94 0.212075
95 0.212165
96 0.211714
97 0.211564
98 0.211351
99 0.214279
100 0.230336
101 0.215192
102 0.212153
103 0.214202
104 0.212148
105 0.210663
106 0.230743
107 0.215111
108 0.225531
109 0.219584
110 0.225557
111 0.222486
112 0.253519
113 0.228969
114 0.230375
115 0.232207
116 0.232371
117 0.233668
118 0.234424
119 0.234452
120 0.242555
121 0.250516
122 0.299806
123 0.267891
124 0.285970
125 0.270178
126 0.284645
127 0.276901
128 0.290129
129 0.315174
130 0.323882
131 0.341300
132 0.337685
133 0.342934
134 0.337688
135 0.342735
136 0.352723
137 0.350422
138 0.397058
139 0.369804
140 0.368307
141 0.364676
142 0.375026
143 0.386080
144 0.365940
145 0.371664
146 0.389293
147 0.388413
148 0.386728
149 0.385406
