0 0.461385
1 0.789175
2 0.864150
3 1.049516
4 1.158558
5 1.249280
6 1.387810
7 1.435323
8 1.482591
9 1.599117
10 2.041306
11 2.016479
12 2.196408
13 2.334837
14 2.163621
15 2.560932
16 2.744230
17 2.827404
18 3.337411
19 3.531985
20 3.771055
21 3.827187
22 4.118790
23 4.309504
24 4.351374
25 4.415363
26 4.760247
27 4.649903
28 4.731463
29 4.769634
30 4.886882
31 4.955457
32 5.109365
33 5.301095
34 5.510405
35 5.634301
36 5.797868
37 5.894489
38 6.007668
39 6.116600
40 6.456246
41 6.544040
42 6.727953
43 6.811447
44 7.112577
45 7.533092
46 7.607954
47 7.613571
48 7.539937
49 7.632817
50 7.520627
51 7.664402
52 7.983665
53 7.964135
54 8.039690
55 8.301036
56 8.371358
57 8.468055
58 8.737140
59 8.744187
60 8.937907
61 9.446890
62 9.453429
63 9.528797
64 9.589006
65 9.645640
66 9.600478
67 9.952976
68 10.065421
69 10.233484
70 10.312454
71 10.705040
72 10.781482
73 10.936981
74 11.165375
75 11.273834
76 11.286333
77 11.629734
78 11.810626
79 12.013367
80 12.208056
81 12.171019
82 12.411633
83 12.438382
84 12.436233
85 12.510273
86 12.401883
87 12.686393
88 12.681961
89 12.743998
90 12.667217
91 12.754737
92 12.852185
93 12.949291
94 12.914190
95 12.891415
96 12.855477
97 12.815510
98 12.888192
99 12.988692
100 12.926826
101 13.015648
102 12.968654
103 13.004323
104 13.013297
105 13.056450
106 13.125921
107 13.186092
108 13.261328
109 13.310181
110 13.304674
111 13.400104
112 13.351211
113 13.375825
114 13.486956
115 13.506219
116 13.510086
117 13.572291
118 13.554621
119 13.587842
120 13.682488
121 13.699037
122 13.660203
123 13.668477
124 13.683977
125 13.661411
126 13.553217
127 13.434506
128 13.453201
129 13.452880
130 13.466431
131 13.330445
132 13.325364
133 13.214604
134 13.201840
135 13.213328
136 13.155233
137 13.111166
138 13.015736
139 12.937757
140 12.871683
141 12.801193
142 12.723963
143 12.583823
144 12.480222
145 12.373108
146 12.272213
147 12.098445
148 11.877592
149 11.776561
