0 0.009635
1 0.006066
2 0.006023
3 0.006039
4 0.006103
5 0.006166
6 0.006175
7 0.006189
8 0.006187
9 0.006186
10 0.006153
11 0.006160
12 0.006165
13 0.006157
14 0.006122
15 0.006143
16 0.006142
17 0.006151
18 0.006121
19 0.006121
20 0.006085
21 0.006103
22 0.006098
23 0.006072
24 0.006081
25 0.006080
26 0.006074
27 0.006081
28 0.006034
29 0.006051
30 0.006063
31 0.006058
32 0.006076
33 0.006056
34 0.006040
35 0.006043
36 0.006051
37 0.006063
38 0.006056
39 0.006054
40 0.006059
41 0.006054
42 0.006066
43 0.006074
44 0.006077
45 0.006041
46 0.006038
47 0.006057
48 0.006052
49 0.006065
