0 0.024400
1 0.018574
2 0.018048
3 0.018299
4 0.018403
5 0.018440
6 0.018294
7 0.018265
8 0.018308
9 0.018301
10 0.018315
11 0.018367
12 0.018418
13 0.018440
14 0.018498
15 0.018558
16 0.018617
17 0.018681
18 0.018692
19 0.018755
20 0.018767
21 0.018822
22 0.018840
23 0.018852
24 0.018914
25 0.018914
26 0.018973
27 0.019035
28 0.019049
29 0.019094
30 0.019112
31 0.019316
32 0.019327
33 0.019340
34 0.019397
35 0.019462
36 0.019475
37 0.019540
38 0.019648
39 0.019753
40 0.019764
41 0.019824
42 0.019830
43 0.019946
44 0.019963
45 0.020025
46 0.020085
47 0.020102
48 0.020465
49 0.027243
