0 0.029800
1 0.025028
2 0.024413
3 0.024462
4 0.024526
5 0.024512
6 0.024554
7 0.024571
8 0.024666
9 0.024755
10 0.024719
11 0.024769
12 0.024824
13 0.024827
14 0.024886
15 0.024894
16 0.025050
17 0.025106
18 0.025165
19 0.025223
20 0.025278
21 0.025336
22 0.025394
23 0.025399
24 0.025545
25 0.025562
26 0.025612
27 0.025619
28 0.025675
29 0.025685
30 0.025790
31 0.025748
32 0.025806
33 0.025866
34 0.025921
35 0.025929
36 0.025984
37 0.025993
38 0.026047
39 0.026055
40 0.026113
41 0.026169
42 0.026177
43 0.026234
44 0.026293
45 0.026299
46 0.026407
47 0.026462
48 0.026469
49 0.039303
