0 0.018756
1 0.016818
2 0.016662
3 0.016620
4 0.016552
5 0.016509
6 0.016461
7 0.016413
8 0.016343
9 0.016371
10 0.016336
11 0.016272
12 0.016221
13 0.016208
14 0.016215
15 0.016225
16 0.016182
17 0.016193
18 0.016203
19 0.016938
20 0.016940
21 0.016986
22 0.017011
23 0.017024
24 0.017030
25 0.017039
26 0.017051
27 0.017061
28 0.017069
29 0.017078
30 0.017134
31 0.017131
32 0.017146
33 0.017154
34 0.017171
35 0.017184
36 0.017198
37 0.017208
38 0.017220
39 0.017229
40 0.017239
41 0.017252
42 0.017297
43 0.017322
44 0.017328
45 0.017333
46 0.017347
47 0.017354
48 0.017365
49 0.017381
