0 0.018461
1 0.015435
2 0.015443
3 0.015450
4 0.015492
5 0.015500
6 0.015504
7 0.015521
8 0.015531
9 0.015540
10 0.015587
11 0.015563
12 0.015564
13 0.015619
14 0.015692
15 0.015672
16 0.015681
17 0.015720
18 0.015710
19 0.015716
20 0.015788
21 0.015789
22 0.015803
23 0.015801
24 0.015824
25 0.015835
26 0.015895
27 0.015903
28 0.015914
29 0.015929
30 0.015937
31 0.015947
32 0.015990
33 0.016016
34 0.016013
35 0.016021
36 0.016034
37 0.016094
38 0.016104
39 0.016062
40 0.016072
41 0.016132
42 0.016141
43 0.016199
44 0.016207
45 0.016215
46 0.016223
47 0.016234
48 0.016345
49 0.016510
