0 0.216263
1 0.116155
2 0.016079
3 0.014997
4 0.014924
5 0.014984
6 0.014990
7 0.015239
8 0.015051
9 0.015559
10 0.017070
11 0.017088
12 0.017160
13 0.018294
14 0.018497
15 0.018552
16 0.019123
17 0.019933
18 0.020953
19 0.022197
20 0.023187
21 0.024089
22 0.025213
23 0.026268
24 0.027672
25 0.029023
26 0.029475
27 0.030230
28 0.031408
29 0.032676
30 0.033714
31 0.034631
32 0.035727
33 0.036882
34 0.037536
35 0.038313
36 0.039156
37 0.040559
38 0.041845
39 0.042824
40 0.043007
41 0.043036
42 0.042975
43 0.042989
44 0.042985
45 0.043001
46 0.043102
47 0.043553
48 0.044105
49 0.048863
