0 0.087508
1 0.003519
2 0.003428
3 0.003436
4 0.003427
5 0.003444
6 0.003412
7 0.003430
8 0.003393
9 0.003409
10 0.003385
11 0.003385
12 0.003393
13 0.003401
14 0.003413
15 0.003416
16 0.003373
17 0.003430
18 0.003463
19 0.003515
20 0.003725
21 0.003760
22 0.003716
23 0.003663
24 0.003727
25 0.003720
26 0.003656
27 0.003667
28 0.003680
29 0.003693
30 0.003691
31 0.003650
32 0.003658
33 0.003668
34 0.003672
35 0.003687
36 0.003681
37 0.003688
38 0.003668
39 0.003661
40 0.003664
41 0.003670
42 0.003690
43 0.003684
44 0.003687
45 0.003690
46 0.003656
47 0.003653
48 0.003669
49 0.003692
