0 0.132284
1 0.032206
2 0.007305
3 0.007320
4 0.007327
5 0.007334
6 0.007345
7 0.007357
8 0.007366
9 0.007397
10 0.007396
11 0.007398
12 0.007407
13 0.007427
14 0.007427
15 0.007392
16 0.007490
17 0.007525
18 0.007561
19 0.007574
20 0.007585
21 0.007672
22 0.007638
23 0.007655
24 0.007783
25 0.007775
26 0.007834
27 0.007868
28 0.007864
29 0.007867
30 0.007918
31 0.007923
32 0.007934
33 0.007941
34 0.007949
35 0.007993
36 0.007995
37 0.008061
38 0.008072
39 0.008114
40 0.008123
41 0.008129
42 0.008185
43 0.008186
44 0.008275
45 0.008236
46 0.008307
47 0.008301
48 0.008371
49 0.008418
