0 0.169390
1 0.069309
2 0.009665
3 0.011404
4 0.011389
5 0.011395
6 0.011401
7 0.011381
8 0.011373
9 0.011363
10 0.011357
11 0.011373
12 0.011373
13 0.011387
14 0.011383
15 0.011316
16 0.011320
17 0.011329
18 0.011288
19 0.011398
20 0.011283
21 0.011283
22 0.011291
23 0.011286
24 0.011230
25 0.011286
26 0.011235
27 0.011264
28 0.011265
29 0.011250
30 0.011248
31 0.011302
32 0.011201
33 0.011263
34 0.011418
35 0.011589
36 0.011634
37 0.011628
38 0.011625
39 0.011658
40 0.011608
41 0.011611
42 0.011603
43 0.011615
44 0.011595
45 0.011595
46 0.011593
47 0.011637
48 0.011583
49 0.012946
