0 0.173945
1 0.073741
2 0.009596
3 0.009300
4 0.009248
5 0.009291
6 0.009192
7 0.009023
8 0.008918
9 0.009080
10 0.009000
11 0.009101
12 0.009039
13 0.008884
14 0.009139
15 0.009237
16 0.009763
17 0.010154
18 0.010170
19 0.010094
20 0.010183
21 0.010083
22 0.009999
23 0.010011
24 0.009960
25 0.009897
26 0.010116
27 0.009938
28 0.009985
29 0.009989
30 0.009943
31 0.009868
32 0.009819
33 0.009783
34 0.009762
35 0.009922
36 0.009790
37 0.009698
38 0.010582
39 0.010822
40 0.011039
41 0.010750
42 0.010649
43 0.010584
44 0.010639
45 0.010745
46 0.010654
47 0.010847
48 0.010731
49 0.015744
