0 0.211257
1 0.111123
2 0.012683
3 0.013270
4 0.013369
5 0.013717
6 0.013720
7 0.013774
8 0.013799
9 0.013778
10 0.013787
11 0.013789
12 0.013847
13 0.013808
14 0.013827
15 0.013829
16 0.014006
17 0.014577
18 0.014583
19 0.014642
20 0.014601
21 0.014659
22 0.014279
23 0.015862
24 0.015814
25 0.015810
26 0.015862
27 0.015814
28 0.015816
29 0.016110
30 0.015823
31 0.016570
32 0.016628
33 0.016603
34 0.016619
35 0.016623
36 0.017470
37 0.018075
38 0.018328
39 0.018489
40 0.018746
41 0.019047
42 0.019380
43 0.020097
44 0.020598
45 0.020823
46 0.021064
47 0.021421
48 0.021482
49 0.036265
