0 0.212457
1 0.112345
2 0.012429
3 0.012428
4 0.012587
5 0.012607
6 0.012673
7 0.012530
8 0.012571
9 0.012634
10 0.014013
11 0.013834
12 0.014062
13 0.015872
14 0.016361
15 0.016403
16 0.016302
17 0.016353
18 0.016454
19 0.016913
20 0.017326
21 0.017478
22 0.017962
23 0.018888
24 0.019808
25 0.020700
26 0.021851
27 0.023095
28 0.023654
29 0.024740
30 0.025940
31 0.027146
32 0.028353
33 0.029356
34 0.030555
35 0.031758
36 0.032780
37 0.033746
38 0.034903
39 0.036163
40 0.037076
41 0.038193
42 0.039307
43 0.040089
44 0.041019
45 0.041930
46 0.043086
47 0.044194
48 0.045250
49 0.046271
