0 0.215859
1 0.115790
2 0.015730
3 0.014867
4 0.016237
5 0.016246
6 0.016210
7 0.017048
8 0.017044
9 0.016994
10 0.017002
11 0.016833
12 0.017053
13 0.017797
14 0.017693
15 0.018884
16 0.019192
17 0.019092
18 0.019081
19 0.019140
20 0.019137
21 0.019202
22 0.019256
23 0.019273
24 0.019332
25 0.019321
26 0.019325
27 0.019525
28 0.019960
29 0.020111
30 0.020221
31 0.020319
32 0.020426
33 0.020529
34 0.020678
35 0.020833
36 0.020982
37 0.021105
38 0.021086
39 0.021241
40 0.021341
41 0.021445
42 0.021497
43 0.021495
44 0.021612
45 0.021654
46 0.021761
47 0.021767
48 0.021816
49 0.025943
