0 0.218062
1 0.117974
2 0.017919
3 0.016367
4 0.016371
5 0.016333
6 0.016433
7 0.016388
8 0.016437
9 0.016446
10 0.016469
11 0.016448
12 0.016512
13 0.016465
14 0.016467
15 0.016465
16 0.016463
17 0.016465
18 0.016539
19 0.016479
20 0.016533
21 0.016482
22 0.019576
23 0.019830
24 0.019932
25 0.019930
26 0.019938
27 0.019901
28 0.020095
29 0.020049
30 0.020103
31 0.020151
32 0.020221
33 0.020243
34 0.020295
35 0.020404
36 0.020450
37 0.020507
38 0.022107
39 0.023101
40 0.023701
41 0.023739
42 0.023736
43 0.024153
44 0.024543
45 0.024680
46 0.024728
47 0.024930
48 0.024832
49 0.035979
