0 0.133643
1 0.033566
2 0.008775
3 0.009412
4 0.009671
5 0.009761
6 0.009699
7 0.009931
8 0.010166
9 0.010168
10 0.010228
11 0.010276
12 0.010318
13 0.010336
14 0.010365
15 0.010401
16 0.010455
17 0.010452
18 0.010494
19 0.010543
20 0.010605
21 0.010617
22 0.010650
23 0.010636
24 0.010672
25 0.010723
26 0.010779
27 0.010771
28 0.010827
29 0.010880
30 0.010870
31 0.010906
32 0.010912
33 0.010920
34 0.010809
35 0.010738
36 0.010655
37 0.010530
38 0.010493
39 0.010475
40 0.010567
41 0.010530
42 0.010570
43 0.010561
44 0.010616
45 0.010643
46 0.010633
47 0.010693
48 0.010686
49 0.010742
