0 0.176349
1 0.074958
2 0.008244
3 0.009146
4 0.011086
5 0.013076
6 0.014595
7 0.014720
8 0.014506
9 0.014424
10 0.014309
11 0.014210
12 0.014162
13 0.014048
14 0.014121
15 0.014169
16 0.014240
17 0.015142
18 0.014743
19 0.014779
20 0.014352
21 0.014239
22 0.014247
23 0.014197
24 0.014229
25 0.014237
26 0.014233
27 0.014197
28 0.014200
29 0.014211
30 0.014220
31 0.014181
32 0.014335
33 0.014199
34 0.014198
35 0.014148
36 0.014154
37 0.014107
38 0.014093
39 0.014047
40 0.014057
41 0.014077
42 0.014078
43 0.014086
44 0.014139
45 0.014095
46 0.014096
47 0.014052
48 0.014093
49 0.018630
