0 0.027428
1 0.019323
2 0.018836
3 0.018837
4 0.018862
5 0.018905
6 0.018948
7 0.018962
8 0.018997
9 0.019040
10 0.019051
11 0.019096
12 0.019162
13 0.019162
14 0.019192
15 0.019199
16 0.019232
17 0.019241
18 0.019272
19 0.019330
20 0.019316
21 0.019385
22 0.019380
23 0.019421
24 0.019476
25 0.019463
26 0.019502
27 0.019504
28 0.019552
29 0.019550
30 0.019607
31 0.019636
32 0.019644
33 0.019689
34 0.019709
35 0.019761
36 0.019796
37 0.019820
38 0.019826
39 0.019866
40 0.020414
41 0.019893
42 0.020041
43 0.020085
44 0.020134
45 0.020179
46 0.020226
47 0.020272
48 0.020273
49 0.020319
