0 0.067102
1 0.070810
2 0.080620
3 0.090003
4 0.097672
5 0.101355
6 0.105096
7 0.108687
8 0.111828
9 0.115541
10 0.119392
11 0.123257
12 0.127170
13 0.130881
14 0.134972
15 0.140660
16 0.143940
17 0.147702
18 0.151399
19 0.155088
20 0.158660
21 0.163693
22 0.165490
23 0.169762
24 0.176576
25 0.176163
26 0.180251
27 0.182833
28 0.184453
29 0.184042
30 0.185762
31 0.184220
32 0.186780
33 0.187331
34 0.186395
35 0.189971
36 0.188562
37 0.188987
38 0.192225
39 0.189049
40 0.192647
41 0.192244
42 0.190407
43 0.193695
44 0.198391
45 0.193827
46 0.201678
47 0.196656
48 0.197772
49 0.196613
