0 0.117843
1 0.140954
2 0.251296
3 0.218912
4 0.243906
5 0.248682
6 0.312755
7 0.288327
8 0.261348
9 0.297393
10 0.278843
11 0.317363
12 0.300006
13 0.298808
14 0.300130
15 0.302045
16 0.301375
17 0.301923
18 0.299578
19 0.293373
20 0.289256
21 0.282722
22 0.275273
23 0.290093
24 0.346058
25 0.345517
26 0.351737
27 0.385966
28 0.463615
29 0.472569
30 0.462285
31 0.494127
32 0.540320
33 0.527514
34 0.562634
35 0.561088
36 0.558615
37 0.564289
38 0.584255
39 0.636249
40 0.628281
41 0.591858
42 0.597058
43 0.593792
44 0.608969
45 0.589950
46 0.579221
47 0.569634
48 0.561673
49 0.554704
