0 0.076797
1 0.096485
2 0.104546
3 0.099013
4 0.098032
5 0.099777
6 0.102820
7 0.103541
8 0.109123
9 0.109262
10 0.112115
11 0.115019
12 0.118671
13 0.121588
14 0.124636
15 0.126603
16 0.129869
17 0.132280
18 0.135069
19 0.138004
20 0.140936
21 0.143772
22 0.146736
23 0.149604
24 0.152828
25 0.157329
26 0.159153
27 0.160785
28 0.161290
29 0.159862
30 0.160952
31 0.162346
32 0.162657
33 0.163752
34 0.164855
35 0.166046
36 0.166970
37 0.168945
38 0.163157
39 0.164967
40 0.168091
41 0.166894
42 0.169760
43 0.163384
44 0.167721
45 0.169497
46 0.167570
47 0.164960
48 0.166668
49 0.170440
