0 0.029026
1 0.026726
2 0.026834
3 0.026607
4 0.026724
5 0.026613
6 0.027007
7 0.027550
8 0.028134
9 0.028797
10 0.029422
11 0.030634
12 0.031480
13 0.032154
14 0.032418
15 0.033004
16 0.033704
17 0.034210
18 0.034960
19 0.035871
20 0.037068
21 0.037569
22 0.038411
23 0.039070
24 0.039770
25 0.040571
26 0.041189
27 0.042607
28 0.043564
29 0.044391
30 0.045470
31 0.046559
32 0.047823
33 0.049123
34 0.050004
35 0.050798
36 0.051976
37 0.052947
38 0.054113
39 0.055259
40 0.056139
41 0.056904
42 0.058019
43 0.059035
44 0.060241
45 0.061184
46 0.062048
47 0.062878
48 0.064087
49 0.065273
