0 0.174377
1 0.162161
2 0.275850
3 0.228704
4 0.300482
5 0.357171
6 0.462186
7 0.428419
8 0.444666
9 0.346842
10 0.349534
11 0.415390
12 0.353013
13 0.329141
14 0.331066
15 0.424966
16 0.457868
17 0.439810
18 0.440703
19 0.470448
20 0.470618
21 0.445258
22 0.461840
23 0.540553
24 0.528167
25 0.466811
26 0.522390
27 0.583779
28 0.580023
29 0.564253
30 0.786497
31 0.721703
32 0.617995
33 0.572472
34 0.580123
35 0.545181
36 0.531284
37 0.510963
38 0.573484
39 0.607097
40 0.569001
41 0.591886
42 0.621168
43 0.646574
44 0.678657
45 0.691324
46 0.795952
47 0.705973
48 0.687884
49 0.675485
