0 0.108398
1 0.110152
2 0.122347
3 0.118607
4 0.127243
5 0.119895
6 0.144916
7 0.127624
8 0.138488
9 0.179054
10 0.170126
11 0.183783
12 0.184764
13 0.188200
14 0.192191
15 0.200214
16 0.214216
17 0.212294
18 0.217615
19 0.218288
20 0.221456
21 0.222843
22 0.223338
23 0.225221
24 0.225790
25 0.226739
26 0.227506
27 0.227814
28 0.243192
29 0.287178
30 0.298112
31 0.285525
32 0.279782
33 0.269187
34 0.275654
35 0.273151
36 0.272327
37 0.273625
38 0.271283
39 0.271817
40 0.272730
41 0.272704
42 0.296345
43 0.286988
44 0.283950
45 0.287397
46 0.273380
47 0.281600
48 0.272962
49 0.285408
