0 0.119210
1 0.220106
2 0.235938
3 0.210797
4 0.221006
5 0.221081
6 0.237787
7 0.215381
8 0.231594
9 0.218419
10 0.221751
11 0.249727
12 0.274993
13 0.246496
14 0.299638
15 0.400419
16 0.339284
17 0.322612
18 0.336838
19 0.340371
20 0.338435
21 0.329810
22 0.309698
23 0.322249
24 0.348566
25 0.469149
26 0.439319
27 0.451254
28 0.496506
29 0.485192
30 0.485790
31 0.486409
32 0.505733
33 0.479530
34 0.577860
35 0.559736
36 0.587020
37 0.555313
38 0.556072
39 0.615052
40 0.636503
41 0.676694
42 0.651727
43 0.663286
44 0.662694
45 0.660073
46 0.662665
47 0.656870
48 0.663099
49 0.671957
50 0.658660
51 0.706318
52 0.695333
53 0.722014
54 0.799747
55 0.729440
56 0.773197
57 0.764264
58 0.777812
59 0.788605
60 0.751869
61 0.739191
62 0.818373
63 0.806339
64 0.786628
65 0.786585
66 0.672517
67 0.654197
68 0.658154
69 0.702733
70 0.667872
71 0.660058
72 0.652764
73 0.687356
74 0.713963
75 0.691116
76 0.695282
77 0.703279
78 0.804396
79 0.786357
80 0.955945
81 0.897779
82 0.847538
83 0.925031
84 0.943083
85 0.908324
86 0.909838
87 0.946274
88 1.010507
89 0.940326
90 0.956831
91 0.924621
92 0.954346
93 0.973657
94 0.946647
95 1.016734
96 1.042400
97 0.999554
98 0.964141
99 1.025692
100 1.062195
101 1.096493
102 1.167646
103 1.098198
104 1.104670
105 1.163742
106 1.101727
107 1.171132
108 1.180297
109 1.204617
110 1.200989
111 1.213113
112 1.137325
113 1.133670
114 1.183983
115 1.182977
116 1.175467
117 1.173155
118 1.180575
119 1.300541
120 1.343972
121 1.327097
122 1.333456
123 1.333773
124 1.334492
125 1.331067
126 1.388755
127 1.431171
128 1.416972
129 1.396489
130 1.430225
131 1.329936
132 1.361872
133 1.379814
134 1.316881
135 1.358917
136 1.307512
137 1.309821
138 1.302454
139 1.315115
140 1.294649
141 1.298175
142 1.283440
143 1.270554
144 1.217688
145 1.202371
146 1.237990
147 1.187294
148 1.165259
149 1.161176
