0 0.673700
1 0.914617
2 1.087074
3 1.057251
4 1.085233
5 1.122247
6 1.243773
7 1.508243
8 1.640691
9 1.555786
10 1.698988
11 1.746572
12 1.806656
13 1.862328
14 2.060095
15 2.277324
16 2.231271
17 2.477391
18 2.614498
19 2.567654
20 2.615615
21 2.691723
22 2.989572
23 2.881582
24 3.016522
25 3.237299
26 3.337430
27 3.725520
28 3.857512
29 3.871997
30 3.913100
31 3.914629
32 4.148523
33 4.122579
34 4.247226
35 4.392735
36 4.431552
37 4.613312
38 5.167290
39 5.192133
40 5.207459
41 5.339035
42 5.641114
43 5.814584
44 6.160105
45 6.665712
46 7.030090
47 7.411020
48 7.939318
49 8.620284
50 9.920740
51 15.343678
52 38.653566
53 51.231600
54 63.799552
55 76.364839
56 88.891740
57 101.503469
58 114.152692
59 126.708055
60 139.302088
61 151.921480
62 164.487803
63 177.392794
64 189.994602
65 202.509156
66 215.230434
67 227.300423
68 239.688066
69 251.955992
70 264.043000
71 276.145437
72 288.585734
73 301.885450
74 316.577902
75 327.410578
76 338.020364
77 348.520642
78 358.787199
79 368.869543
80 378.912670
81 388.901687
82 398.538156
83 408.060362
84 417.473497
85 426.714765
86 435.706731
87 444.473768
88 453.011744
89 461.378272
90 469.622538
91 477.361390
92 484.973119
93 492.310898
94 499.376355
95 506.187202
96 512.866660
97 519.375358
98 524.755839
99 530.662769
100 536.294978
101 541.735727
102 546.281880
103 551.184925
104 555.752562
105 560.010292
106 562.940243
107 566.005928
108 568.524323
109 570.568877
110 571.761224
111 573.456669
112 575.120617
113 576.489292
114 577.822899
115 578.783754
116 579.815641
117 580.759438
118 581.542257
119 582.072612
120 582.622499
121 582.981499
122 583.433719
123 583.804308
124 584.092535
125 584.409855
126 584.636964
127 584.874340
128 585.012484
129 585.206646
130 585.328974
131 585.476385
132 585.613242
133 585.701074
134 585.745285
135 585.828322
136 585.898643
137 585.951522
138 585.929697
139 585.963027
140 585.978760
141 585.980353
142 585.969991
143 585.900890
144 585.764054
145 585.621401
146 585.506425
147 585.406817
148 585.310652
149 585.200415
